Frame Number,RShoulderAng,LShoulderAng,RElbowAng,LElbowAng
0.0,107.13299615034315,,160.30323363819187,
1.0,112.12633480937329,,158.83383975729305,
2.0,122.0053832080835,,155.1196331408183,
3.0,102.87891039979696,,154.78200232187686,
4.0,112.473939453271,,142.59464336859145,
5.0,95.2658403117791,,147.38428390815102,
6.0,92.26050191114128,,138.53229458389092,
7.0,88.49256424122504,,142.12501634890182,
8.0,81.43085812016236,,143.1684786240455,
9.0,68.1985905136482,,161.565051177078,
10.0,83.8844964337146,,149.88626684901757,
11.0,,,,
12.0,,,,
13.0,,,,
14.0,,,,
15.0,,,,
16.0,,,,
17.0,,,,
18.0,,,,
19.0,,,,
20.0,,,,
21.0,,100.77447348845568,,153.97040780848653
22.0,,,,158.19859051364818
23.0,,,,166.8659776936037
24.0,,,,159.76472883361794
25.0,,,,162.3498757800699
26.0,,,,163.85566121971652
27.0,,,,162.59729586864376
28.0,,,,154.37317863971745
29.0,,,,158.46706717472014
30.0,,,,152.85454833391924
31.0,,,,149.19855402386315
32.0,,,,136.58101077996068
33.0,,,,131.58341180822867
34.0,,,,123.3106308245608
35.0,,,,138.3664606634298
36.0,,,,
37.0,,,,
38.0,99.46232220802563,87.27368900609373,71.56505117707799,146.3099324740202
39.0,100.66978280449668,100.10929849249518,66.80140948635182,146.54669054592733
40.0,,,,
41.0,,,,
42.0,,,,
43.0,,,,
44.0,,,,
45.0,,,,
46.0,,,,
47.0,,,,
48.0,73.07248693585296,,157.43299092212538,
49.0,78.83511982245142,,160.76932762433876,
50.0,80.53767779197439,,160.8518625420604,
51.0,102.83560948640144,,155.85445803957836,
52.0,112.85662301994755,,151.86597089714525,
53.0,95.69235188389338,,158.83874018317172,
54.0,96.83616718880307,,158.15010326470426,
55.0,102.78345394142437,,153.97602614338842,
56.0,115.8747739792129,,142.81529354676687,
57.0,108.95494574569094,,142.45812759282316,
58.0,106.73732716591488,,137.63243486898645,
59.0,99.16234704572172,,142.32640666016954,
60.0,94.83275598713495,,135.78482460299188,
61.0,84.6047354317869,,144.34814184998262,
62.0,68.19859051364818,,159.02106503954968,
63.0,64.92281635174979,,157.04448103207324,
64.0,71.25024236968888,,169.7651972365768,
65.0,,,,
66.0,,,,
67.0,,,,
68.0,,,,
69.0,,,,
70.0,,,,
71.0,,,,
72.0,,,,
73.0,,,,
74.0,,,,
75.0,,103.50980395328139,,162.5076754748896
76.0,116.6943868028008,,159.79638483167489,
77.0,,123.61422934457327,,156.30578361782878
78.0,,125.53767779197437,,164.29136217098423
79.0,,119.77487385022073,,157.06789956241022
80.0,,124.25034885044934,,156.82881936124042
81.0,,133.081260989372,,154.3240678169438
82.0,,123.25601689384038,,160.34617594194665
83.0,,129.93123574068485,,157.95805548882146
84.0,,117.82409638425325,,163.8095376146872
85.0,,120.2283785078325,,148.10203786035845
86.0,,117.94873814444651,,147.652556500558
87.0,,110.47403013172199,,146.5637327166065
88.0,,104.68408332994301,,136.35585997610667
89.0,,104.34933204294714,,135.61738752105774
90.0,,93.05049449414142,,138.17983011986425
91.0,,93.51945303549537,,139.6106493186606
92.0,,102.34919770340444,,133.42344994481627
93.0,,,,
94.0,,,,
95.0,,,,
96.0,,,,
97.0,,,,
98.0,,,,
99.0,87.87890360333854,,147.4259428654275,
100.0,78.36636600105956,,154.7637363530964,
101.0,78.7435649702961,,156.4854433170634,
102.0,78.24245335511924,,165.932188612671,
103.0,88.21008939175394,,168.13226810243395,
104.0,95.10085212285752,,153.7807943982952,
105.0,102.44762352046014,,146.84333888789084,
106.0,106.05998730716065,,144.98182928773318,
107.0,103.6900496174655,,147.87500155961249,
108.0,111.45059083983283,,144.18019272301518,
109.0,107.79257778405469,,145.59077635747516,
110.0,103.34803897488679,,145.53192788373406,
111.0,93.40276977106176,,142.9071627029585,
112.0,101.60921124700397,,136.02100481557267,
113.0,93.78611203538159,,135.24881548074939,
114.0,86.92486056409477,,133.03603938904382,
115.0,87.77603875961452,,132.51044707800085,
116.0,71.1011278784519,,145.4978934722984,
117.0,59.370001515179304,,149.8327043896156,
118.0,50.262395399595114,,166.6075022462489,
119.0,,,,
120.0,,,,
121.0,,,,
122.0,,,,
123.0,,,,
124.0,,,,
125.0,,,,
126.0,,,,
127.0,,,,145.26830579801023
128.0,,,,144.30510557769824
129.0,,,,151.9478097776689
130.0,,,,158.30796069608692
131.0,,124.8084981499723,,156.5014343240479
132.0,,130.44186596282094,,161.2935092313935
133.0,,123.00665127641302,,165.96375653207355
134.0,,136.07760543377836,,163.01187738580057
135.0,,117.03358098634806,,162.4287412216776
136.0,,114.32288098168077,,159.83774030032768
137.0,,109.81115928548864,,154.39262137918197
138.0,,101.88404274713899,,146.5200970089588
139.0,,,,148.41357344678852
140.0,,,,144.09738587229498
141.0,,,,135.96158798599933
142.0,,,,142.94010839530145
143.0,,,,156.50143432404792
144.0,,,,153.81522496144464
145.0,,,,152.969139740157
146.0,,,,141.37622682261343
147.0,,,,
148.0,,,,
149.0,,,,
150.0,,,,
151.0,,,,
152.0,,,,
153.0,,,,
154.0,,,,
155.0,,,,
156.0,,,,
157.0,,,157.46444219729253,
158.0,,,161.10271165696915,
159.0,,,154.84588964330476,
160.0,,,151.87695249900034,
161.0,105.78075330951539,,148.28743764714753,
162.0,106.07477259557541,,148.42991220067893,
163.0,113.90205041101085,,151.9661481085362,
164.0,101.43799613986724,,154.93789611624484,
165.0,96.72268411501695,,147.9004036990027,
166.0,98.05801453629957,,149.905758523555,
167.0,98.03555494902918,,143.69706166476678,
168.0,97.99363767290465,,142.08791642621753,
169.0,96.37698584534284,,133.3249131048065,
170.0,87.40426827814177,,135.16263577153518,
171.0,89.65063982049722,,132.03841866489134,
172.0,74.74488129694222,,144.45413592725362,
173.0,65.43855297825532,,157.75097634278765,
174.0,67.78367241143373,,152.8046211492663,
175.0,,,,
176.0,,,,
177.0,,,,
178.0,,,,
179.0,,,,147.20936023738884
180.0,,,,149.48976259388445
181.0,,,,148.72101427372726
182.0,,,,141.96096302624858
183.0,,,,148.20066536628585
184.0,,,,150.47200729636828
185.0,,,,145.11386606710803
186.0,,,,148.78103010231789
187.0,,,,150.6282092543874
188.0,,,,150.73615547410185
189.0,,,,148.78508479648315
190.0,,,,144.45521325655295
191.0,,,,138.80710991116976
192.0,,,,138.42275590453852
193.0,,118.82784098421745,,133.2642954110716
194.0,,125.12283225326338,,126.3946261369095
195.0,104.51738583193496,,131.49200502426615,130.72241497122303
196.0,,97.69605172201658,,138.0774553994244
197.0,,92.58957364403415,,142.02839623894963
198.0,,94.1077694928801,,143.09930763533134
199.0,,90.50928240497753,,143.17915694791753
200.0,,81.97276248956804,,154.65382405805332
201.0,,69.91966436983242,,166.4124585676457
202.0,,68.29916121590749,,175.166353504095
203.0,,75.35165456973331,,169.15239641756654
204.0,,,,166.8462918055231
205.0,,,,152.4747742562557
206.0,,,136.54815769897795,166.69476349390894
207.0,,,137.31761997104329,169.2438034492842
208.0,,,163.71263660537645,167.63350284678518
209.0,,,161.94893675267235,
210.0,,,170.50044252214695,
211.0,,,165.49794744930855,
212.0,,,177.99229850107068,
213.0,,,179.41074456268768,
214.0,,,178.49464825459148,
215.0,,,175.60129464500457,
216.0,,,178.64893491728054,
217.0,,,175.42607874009926,
218.0,,,175.7253650000448,
219.0,,,176.4581645246829,
220.0,,,174.9722602740987,
221.0,,,,
222.0,,,,
223.0,,,,
224.0,,,,
225.0,,,,
226.0,,,,
227.0,,,,
228.0,,,,
229.0,,,,
230.0,,,,
231.0,,,,
232.0,,,,
233.0,,,,
234.0,,,,
235.0,,,,
236.0,,,,
237.0,,,,
238.0,,,,
239.0,,,,
240.0,,,,
241.0,,,,
242.0,,,,
243.0,,,,
244.0,,,,
245.0,,,,
246.0,,,,
247.0,,,,
248.0,,,,
249.0,,,,
250.0,,,,
251.0,,,,
252.0,,,,
253.0,,,,
254.0,,,,
255.0,,,,
256.0,,,,
257.0,,,,
258.0,,,,
259.0,,,,
260.0,,,,
261.0,,,,
262.0,,,,
263.0,,,,
264.0,,,,
265.0,,,,
266.0,,,,
267.0,,,,
268.0,,,,
269.0,,,,
